trial 4: 3/4 encoding, 7 levels, 952 surfaces
        512       384       288       216       162       121       91        68
type1:  0.050     0.054     0.055     0.053     0.061     0.058     0.054     0.044 
power:  0.710     0.691     0.707     0.713     0.720     0.728     0.731     0.675 

trial 2: 1/2 encoding, 7 levels, 952 surfaces
    	512       256       128       64        32        16        8         4
type1:	0.048     0.053     0.056     0.055     0.049     0.056     0.049     0.049 
power:	0.673     0.672     0.675     0.699     0.705     0.692     0.655     0.568 

trial 3: 1/2 encoding, 7 levels, 617 surfaces, super fitted
    	512       256       128       64        32        16        8         4
type1:  0.049     0.050     0.049     0.049     0.044     0.052     0.055     0.055 
power:  0.679     0.671     0.679     0.702     0.692     0.702     0.652     0.580 

