ft	n.s	ns.rt	n.v	seed	ve.fr	ve.mu	ve.sd	sd0.p0	sd0.p1	sd1.p0	sd1.p1	sd2.p0	sd2.p1	sd3.p0	sd3.p1	sd4.p0	sd4.p1	sd5.p0	sd5.p1	sd6.p0	sd6.p1
tck	100	3	512	NL	0.05	0	1	0.0152433942808978	0.00243758927218796	0.0155617208539228	0.00245653278737112	0.0182907301449223	0.00269387953892686	0.0341461045318336	0.00214862069052812	0.0337283895697302	0.000954263678595524	0.0349488326505378	0.000680162036709397	0.0363848452621428	0.000543830746278173
tck	100	3	512	NL	0.05	0	1	0.00304739615137439	0.000133464205865574	0.00292204095518533	0.000127542977737094	0.00295660763941452	0.00013629251874081	0.00328194119919312	0.000151725276318682	0.00544757961986653	0.000198547789736381	0.0102599313459666	0.000186724877416555	0.0177132305299372	0.000198231696123541
tck	100	3	512	NL	0.05	0	1	0.000591950196120461	0.0038145071504061	0.000630965203117229	0.00415125382667814	0.000703671997742128	0.00367745247165574	0.000444203598669812	0.00355522277776488	0.000454872254824101	0.00447074639670486	0.00103730088133946	0.00539409463874174	0.00139521023321065	0.006953897967092
tck	100	3	512	NL	0.05	0	1	0.00170819164042391	0.0134780743017535	0.00172555195300794	0.0134780743017535	0.00148487731412394	0.0137910220880596	0.00143582886197202	0.0214534491967769	0.000727281210304631	0.0222827799170542	0.000417864105793697	0.0245220585808987	0.000592480108156823	0.0259083813089496
tck	100	3	512	NL	0.05	0	1	0.0382892973843533	0.00571305577195536	0.0395804310013487	0.00549112136744889	0.0454127882831843	0.00600117156729452	0.0617322512601154	0.00821586000754504	0.0875124690580988	0.00867010886544339	0.100766818672322	0.00799730925605457	0.122148802846475	0.0078564874065622
tck	100	3	512	NL	0.05	0	1	0.0328089123063735	0.00841476174856148	0.0316660456959086	0.00859732849837314	0.0360356860396522	0.00927413732217119	0.0291478655488382	0.0163582164849199	0.0690431127265632	0.0189930918703396	0.101477303915774	0.029493640950083	0.113483944924381	0.0336621798118096
tck	100	3	512	NL	0.05	0	1	0.00774999434348667	0.000596353892373114	0.00839569678660745	0.00056509895511403	0.00831715666457278	0.000535654693552212	0.0106508432134633	0.000597700901299403	0.0135121380402514	0.00115214582378576	0.0241562027831623	0.00128179372051296	0.0251280464376827	0.000865950526342196
tck	100	3	512	NL	0.05	0	1	0.00614536153950862	0.00875629328988525	0.00617090618287663	0.00902798471408683	0.00618525786181501	0.00945308921883403	0.00742588710562697	0.00870558200732385	0.00726162818538034	0.0100730857936988	0.0051169159567781	0.0117709531124222	0.0057005466653095	0.0149850626222435
tck	100	3	512	NL	0.05	0	1	0.000533305189419631	0.00200526095469977	0.000610875914007769	0.00192888240937183	0.0011070588782498	0.00200118646774772	0.0020808779709055	0.00175618772219654	0.00305692455029316	0.002427785971298	0.00324545298162582	0.00205606484747256	0.00294543046274653	0.00256231772653104
tck	100	3	512	NL	0.05	0	1	0.00515901238152694	0.00372910309528085	0.00524341916747328	0.00377540661465126	0.00623242240573818	0.00475980315430324	0.00889477942856853	0.00386678643132099	0.0210163149907925	0.00264200438269424	0.0338828913091741	0.00187980018120937	0.0339598277501014	0.00193543360188897
tck	100	3	512	NL	0.05	0	1	0.0238706341647921	0.000458755326322446	0.0260649246841452	0.00050463264039069	0.0273631126848526	0.000568892303191459	0.0253838115333656	0.00088421069956035	0.043253636015805	0.000883404040259994	0.078286778862491	0.00136190912609191	0.0688080389212558	0.00311899043003383
tck	100	3	512	NL	0.05	0	1	4.04616771493282e-05	0.000188510244853557	4.03593679956238e-05	0.00018226461376547	4.09735598115857e-05	0.00016709019018557	5.40309022629692e-05	0.000212048043685797	6.06473300734933e-05	0.000429137570561511	5.428647000838e-05	0.0008577175773683	5.3338464637287e-05	0.00117134225363968
tck	100	3	512	NL	0.05	0	1	0.000193016936677726	7.68331360534447e-06	0.000188751283168198	7.44101736427361e-06	0.000118380420120356	7.40877105143145e-06	0.000138152560302363	1.00419039761324e-05	0.000129746013966203	1.52478260668776e-05	0.000138223224145362	1.74263624836968e-05	0.000143866872566512	2.85254512907285e-05
tck	100	3	512	NL	0.05	0	1	0.043239139824395	0.000276660010027241	0.0399314339845613	0.000263502491369749	0.0491599313177489	0.000278657774047231	0.0434007130396169	0.000620669847795186	0.047842054571307	0.00183830364214255	0.0434964368183941	0.00363161579622817	0.0303614657903949	0.00427384334002467
tck	100	3	512	NL	0.05	0	1	0.0142082879600751	0.00137552926568185	0.0149325188752919	0.00137981179859947	0.0142818523649642	0.00165228787185634	0.0207734057412545	0.00159405952759251	0.0126500015410458	0.00284774166609436	0.0137016214249381	0.00378120293171613	0.0148023400908046	0.00313158611868081
tck	100	3	512	NL	0.05	0	1	0.0281268980999907	0.000180073534097547	0.028938010229313	0.000176885928537818	0.0318779951841981	0.000303285640538498	0.0573678719547992	0.000443997540450991	0.0832353811881064	0.000897255918153816	0.0762216997464054	0.000935194869238209	0.0703993380150527	0.00115891836544857
tck	100	3	512	NL	0.05	0	1	0.0141265217359683	0.000227035002788756	0.0134531336498654	0.000235282913438994	0.00990203766874553	0.000233500395508734	0.00988652974635862	0.000448645688232441	0.0217065614617409	0.000526950783254598	0.0226843053209465	0.00110155579548032	0.0303004249912119	0.00129494189669233
tck	100	3	512	NL	0.05	0	1	0.0146259822578296	0.00106566959440957	0.0146112620402703	0.00103365464743177	0.0197035071329987	0.00106983315271703	0.0199652668427659	0.00174538023163984	0.0423566085966413	0.0122147198638372	0.0575653148108286	0.020148404314043	0.0627687779817583	0.0283149439481433
tck	100	3	512	NL	0.05	0	1	0.0105103649177966	0.00165784212499132	0.0117514320608896	0.00161360513109243	0.0158242891440934	0.00167576563563887	0.0182298284120982	0.0023360833688979	0.0186241733280624	0.00721651238566468	0.0223986851210094	0.0205390058883337	0.026681697418886	0.0223993688262711
tck	100	3	512	NL	0.05	0	1	0.0118972838502771	0.000242635037901784	0.0126015998442779	0.000227542062165575	0.0136509798700488	0.000206129740166427	0.0200112199250848	0.00023211410115842	0.00808826637179161	0.00033749074903433	0.00531117459114538	0.000342790228297307	0.00505060860534901	0.000400940016163087
tck	100	3	512	NL	0.05	0	1	0.00428954139032767	0.000819427870613954	0.00448317915780483	0.000813352809891699	0.00492869309871102	0.000816319332027637	0.00442563440514132	0.00100235685792893	0.00665821556132551	0.0031427997445368	0.00535514400105663	0.00766876451469589	0.00588738056740512	0.0125446677261054
tck	100	3	512	NL	0.05	0	1	0.00872173053452696	0.00155557652419536	0.00853260457728156	0.00157319957470359	0.00934508774933185	0.00145531801861032	0.0108311846311923	0.00132583625924121	0.0271503673169569	0.00130565990963016	0.0381642630617849	0.00120354572412484	0.0271732141257188	0.00168107799704198
tck	100	3	512	NL	0.05	0	1	0.00270004633368381	4.80063493624172e-07	0.00280190890866072	4.96514467762665e-07	0.0027052642907146	3.94613526855103e-07	0.0022948536945302	3.25028080228051e-07	0.00172140915400898	1.80232407109848e-07	0.00196320862818311	1.59103174079966e-07	0.00206538113448806	1.24662321909774e-07
tck	100	3	512	NL	0.05	0	1	0.0167299080799814	0.00135702693119832	0.0176550204750079	0.00143703082195956	0.0163290409360926	0.00238292534626705	0.0153408252098634	0.00175432826373989	0.00646648504198877	0.00179330490060348	0.00810713744641889	0.00363171470264556	0.00822625669271215	0.00485475273672398
tck	100	3	512	NL	0.05	0	1	0.0101798946732603	0.0112838550664058	0.0101990747622392	0.0109223311470417	0.011456900145939	0.0117764788108646	0.0116137750235612	0.00942115657422782	0.0172040165240184	0.010242500666215	0.0278656561782374	0.0191892170983883	0.0323292011742317	0.026518876751346
tck	100	3	512	NL	0.05	0	1	0.0286625146856481	0.000195421130832152	0.0287154010130151	0.000188369373915309	0.026071947412344	0.00016153962536225	0.0256664329604135	0.000210994903845352	0.0542566774213896	0.000534289930983145	0.0611575039284107	0.00124003187543542	0.0475127636887738	0.00217779324249068
tck	100	3	512	NL	0.05	0	1	0.028273810482992	0.00014037801068012	0.0288183042380765	0.000150715446151306	0.0267084067647833	0.000170865116563279	0.0346105533660659	0.000389617277856802	0.0293659801923092	0.00113384085776902	0.0291867518044049	0.00272450364474763	0.0288828606747614	0.00339412858702626
tck	100	3	512	NL	0.05	0	1	0.00333529692920287	6.35242581226159e-05	0.00328884000452145	5.8730307513577e-05	0.00323715064663821	5.71380818074063e-05	0.00334672129072811	5.99952968906026e-05	0.00285103484519145	0.000122898797322968	0.00275753840025317	0.000245567890290399	0.00235077563880481	0.000476520917555012
tck	100	3	512	NL	0.05	0	1	0.0029516907733973	0.000328597738365355	0.00328281661959351	0.000313099290430219	0.00369412748935161	0.00031751742181374	0.00330576446742403	0.000325973822416059	0.00228506613411628	0.00050980831346048	0.000766496574762354	0.000594808936770552	0.000521237485787807	0.00069949137020775
tck	100	3	512	NL	0.05	0	1	0.0348432314947669	0.00117365612017872	0.0344491643996886	0.00129399376609318	0.038106062031924	0.000993201302633251	0.0430992903978086	0.000753927077643102	0.0379536269800808	0.000367945332197084	0.0210381570517828	0.000196176730506537	0.0165986624099984	0.000137516330581788
tck	100	3	512	NL	0.05	0	1	0.00789928324433853	0.00460714031637688	0.00797569886797922	0.00457164898651641	0.00790873314139073	0.00521870746296271	0.00826140027668898	0.00504664308348601	0.0132692287541085	0.00615112869171974	0.00590892175948343	0.00452951285459124	0.00445147284427727	0.00473073647970612
tck	100	3	512	NL	0.05	0	1	0.00103118674348468	0.000947299917249289	0.0010143102707012	0.000930641750447436	0.000819865396141872	0.000738175654805273	0.000777834378288711	0.00119921143764878	0.000455639861371981	0.00282085155919343	0.000452624769728183	0.0104593619653791	0.000739429578988648	0.0148212849429756
tck	100	3	512	NL	0.05	0	1	0.00888977951059722	0.000846837361217934	0.00925734495291031	0.000856650855279417	0.00751865970111043	0.000889063060263928	0.0068358966431219	0.00265036362898075	0.00752460475549166	0.00473186625191624	0.0110049908733049	0.00907988914293001	0.0160493875866566	0.0088636300367454
tck	100	3	512	NL	0.05	0	1	0.00858913236720571	0.0085933477722917	0.0092696593140239	0.00855168959787278	0.00914214895311183	0.00816509933030385	0.00863576818740819	0.00855491988904011	0.0162553419121405	0.00557593739542828	0.0204283241642084	0.00578011780530641	0.0192678795506339	0.00571384083479143
tck	100	3	512	NL	0.05	0	1	0.00556962228964064	0.00360039913873855	0.00543605183520812	0.0036115672555177	0.00600642900341075	0.0037612451005623	0.00674100150903501	0.00162481396007452	0.00656480427938222	0.000788155561391779	0.00732166483496766	0.000507345193152986	0.010135854368014	0.00048213664640917
tck	100	3	512	NL	0.05	0	1	0.0158033951470316	0.00289492456122598	0.0156556264541147	0.00274205473008271	0.019851597292406	0.00329579184838358	0.0270249715068058	0.0044870768874723	0.0356137403079265	0.00565060502704695	0.0537134359889642	0.00558791008397286	0.0702855709927923	0.00562896836479021
tck	100	3	512	NL	0.05	0	1	0.00688211512490078	0.00933175477687209	0.00643960171444036	0.0098602795649243	0.00541671731564519	0.00890589565579836	0.00504886722609554	0.0112362665316779	0.00502925326817916	0.00681366568434827	0.00352915521214869	0.0036280943209932	0.00394093526430772	0.00347794834438608
tck	100	3	512	NL	0.05	0	1	0.00487954008764824	0.000126768473152516	0.00454841458595368	0.00013026940955152	0.00513318835782861	0.000181642170788754	0.00717185146350019	0.000180555552690476	0.0112461123703612	0.000355497364010304	0.0107915827021468	0.000313955347189476	0.0100084010315451	0.000273936189283619
tck	100	3	512	NL	0.05	0	1	0.00359057371689253	0.00261418933848179	0.00372570668773953	0.00259875112652086	0.00487619439464293	0.00285978247604102	0.00994983788069659	0.0029503290426327	0.0186518071605319	0.00453115380710667	0.038539787514132	0.00685847926081606	0.0434927653141053	0.00848734776417048
tck	100	3	512	NL	0.05	0	1	0.0023190782694712	0.00198183878289515	0.00230376598142201	0.00201663672956842	0.0030713487209697	0.0019880298766225	0.00277857718257979	0.00163359406121699	0.00311987126543611	0.00104192468826758	0.00644837148061106	0.000788513614101038	0.00761736574705973	0.000531237242686666
tck	100	3	512	NL	0.05	0	1	0.0170477166764901	0.000212397286350363	0.016888440259185	0.000221367641717984	0.0168773444252581	0.000205104107227738	0.0227787469131993	0.000173906170956251	0.0295155524747616	0.000115829159316516	0.0447983289010296	0.000178397744618586	0.0487852671992883	0.000228750440348757
tck	100	3	512	NL	0.05	0	1	0.0153337350018133	0.00167952512713809	0.0160037880887669	0.00172153650255114	0.0145043868307196	0.00205328580438013	0.0149392257580409	0.00277580961179369	0.0127999229258269	0.00326395547421676	0.013784454370108	0.00492795393808121	0.013116916302236	0.00450563068390442
tck	100	3	512	NL	0.05	0	1	6.61790749323377e-05	0.00311282042886174	6.62821378110134e-05	0.0030059751658249	5.60563580375151e-05	0.00229698683532698	0.000105231715228249	0.00296121941412075	0.000227569667578642	0.00919382498470267	0.000893754339537312	0.0169822611511725	0.00135664687651271	0.0191758225032209
tck	100	3	512	NL	0.05	0	1	0.000765127758799222	4.08674589694735e-05	0.000923659831115864	3.79630384785834e-05	0.000741901992628025	3.05022175266512e-05	0.000778820619706799	3.25771241950212e-05	0.000874726479110799	0.000122210170938275	0.00120812628046496	0.000500423052995691	0.00128646337926286	0.00085675057644774
tck	100	3	512	NL	0.05	0	1	0.0107731175057915	0.00163048614283046	0.0110646129085454	0.0016529823367073	0.013111724251005	0.00184671180391049	0.0150263376088288	0.00200210395764588	0.0063790153221277	0.00155915253478689	0.00775888940093572	0.00133878987206926	0.00973789746093723	0.00214784436548388
tck	100	3	512	NL	0.05	0	1	0.0109828192868355	0.00168163336742366	0.0106796157265235	0.00162852279928405	0.0139409926173732	0.00165481156394132	0.0122808109725629	0.00142630158294432	0.00741348267411657	0.00449202471533006	0.00800894398391883	0.006717457700947	0.00951274455965334	0.00702911015037433
tck	100	3	512	NL	0.05	0	1	0.0179007812123815	0.00319823224485383	0.0192344115534115	0.00312704888466198	0.022540306190302	0.00276986054976947	0.0387033590205874	0.00291201754533921	0.0885969338239345	0.00308003672550816	0.0645042522890257	0.00257191845221838	0.0736951776014287	0.00231362475015662
tck	100	3	512	NL	0.05	0	1	0.000416215114090623	0.0151400775529027	0.000417487286073492	0.016268200239703	0.000569866480255365	0.0152102967708019	0.000899311089615717	0.0197759318025374	0.00165045098121008	0.0340461742938443	0.00358617509029968	0.0319194816060051	0.0050265819849975	0.0266714487356097
tck	100	3	512	NL	0.05	0	1	0.0134158212370759	0.00115462246012521	0.0149862554525186	0.00089450916085021	0.0164360023192132	0.000810440063067741	0.0142524119141103	0.000858175079425205	0.0234863351125882	0.000620991862176123	0.0425630454581413	0.000502238474969219	0.0455849768514962	0.000526049163318776
tck	100	3	512	NL	0.05	0	1	0.00595987835633072	0.00024777407115617	0.00637842363276198	0.000243639019785524	0.0069340465855855	0.000294541027646478	0.00842277242586598	0.000479323034180079	0.00753014866688395	0.00100120647919755	0.00894667293815576	0.00211586151332988	0.00847901923343664	0.00227299540254999
tck	100	3	512	NL	0.05	0	1	0.0225224647593555	0.000427931669978565	0.0229585563717642	0.00042914879930378	0.026136512859195	0.000394812579562198	0.0279323432723158	0.000344822670740985	0.0302937543567605	0.000452699030798809	0.0417765080261689	0.000586229049176934	0.0504975542623762	0.000751627856811599
tck	100	3	512	NL	0.05	0	1	0.00404177956865104	0.00487787629266845	0.00365112460928207	0.00461006693039379	0.00418934962817807	0.00461267203038718	0.00539580774555448	0.00433564268461817	0.00580369150944693	0.00148655079755422	0.00893803568272888	0.00123764635774737	0.0118063787863308	0.00127538324183585
tck	100	3	512	NL	0.05	0	1	0.0144410361935978	0.000805011843576842	0.014369070238556	0.000807730836127285	0.0151708933402456	0.000731454311504676	0.012436523709888	0.000942740725573099	0.0122213050480764	0.00357968466943137	0.00929386871457705	0.00665718752926292	0.0104114743353132	0.00934792037045429
tck	100	3	512	NL	0.05	0	1	0.000588413270727117	0.054864486544258	0.000598751243710227	0.05097338315693	0.00060244030417933	0.0594000610996178	0.00155217964317267	0.0593389351897431	0.00220499223618076	0.0656448580922911	0.00275269965285618	0.0553902625591599	0.00301865726801209	0.0491593400036857
tck	100	3	512	NL	0.05	0	1	0.00221788696826841	0.0190810731691562	0.002231675177643	0.018686374026669	0.00203891687400348	0.0173751975186198	0.00217192828955781	0.0171287977924526	0.0035508888417084	0.0163031542635728	0.00600013156165424	0.0218068551697548	0.00884883539721404	0.0256392270736674
tck	100	3	512	NL	0.05	0	1	0.023337909146687	0.00911453133221607	0.0231344976707557	0.00826615478145509	0.0252294440932389	0.0114426241506883	0.034469870003231	0.0123040047733499	0.0485170117032998	0.0138901446760588	0.0377645216164181	0.0241906564050623	0.0408263484962814	0.0349042279305291
tck	100	3	512	NL	0.05	0	1	0.0222465722495806	0.000863430014639066	0.0242842069781383	0.000840254959690201	0.0304246500424503	0.000837450502403136	0.0357541434886315	0.000998134321782973	0.0219210220825792	0.00226959413660288	0.0134746774338813	0.00343010424218404	0.0113071233349906	0.00336437427421798
tck	100	3	512	NL	0.05	0	1	0.0175945872937696	0.00159643734649073	0.0197084744470352	0.00147438407331757	0.023256065384739	0.00188097033463963	0.0243401029512809	0.00611052430632286	0.0219730727102674	0.0130051417027568	0.0225480218359934	0.0136338671286439	0.0225389022327276	0.0151890694404805
tck	100	3	512	NL	0.05	0	1	0.0143785414722577	0.0109444098975867	0.0141093578909527	0.0111942692273126	0.0141386581521317	0.012928121963751	0.0189065576211045	0.021278634268816	0.0424473555889491	0.0551566888444781	0.0464169518036095	0.0908151507308206	0.0442857809680605	0.0849189632720916
tck	100	3	512	NL	0.05	0	1	0.0540317900227051	0.00488171984945085	0.0524586154249516	0.00419774221476255	0.0512236459631233	0.00570187828384294	0.0607540566914646	0.00655742495767464	0.0926867035125879	0.0126752865118439	0.0823510871140568	0.0208738825574769	0.077433889967913	0.0313838670733964
tck	100	3	512	NL	0.05	0	1	0.00228952126940163	0.00235461933086478	0.00219498095786297	0.00238784409552806	0.0017759919371696	0.00243811620923218	0.0015664089566898	0.00305293972826037	0.00213884591216162	0.00146733240412367	0.00298985047852662	0.00145434802561251	0.0044499203196372	0.00122527863976707
tck	100	3	512	NL	0.05	0	1	0.0106111317196018	0.0173182921355417	0.0102671319032559	0.0186172286347561	0.00905155326083507	0.0189352790474751	0.00768121775606556	0.0209773339112272	0.00702361098572002	0.0187175207567768	0.00544131433851103	0.0221597400399446	0.0104243909707741	0.0358923023189237
tck	100	3	512	NL	0.05	0	1	0.0116913849696076	0.000269477406020679	0.0109155660742815	0.000241428210264294	0.00982189449437354	0.000247769350573357	0.00993946363302589	0.000354661223056607	0.013887502418807	0.000723716440173883	0.0277111759394297	0.00112078536856608	0.0317358001454644	0.00175225095589737
tck	100	3	512	NL	0.05	0	1	0.0237784295119515	0.000685018671813697	0.0246659436035125	0.000661336724256723	0.0223839545383147	0.000734284674057673	0.0343612996535876	0.00114297601332414	0.0477488768172796	0.000917225449101555	0.0493606625140024	0.00133151454613745	0.0518913954205672	0.0017017317953486
tck	100	3	512	NL	0.05	0	1	0.000922306870925205	0.000221022159053952	0.000867604258779076	0.000240539478219781	0.000823704291685656	0.000266905323208055	0.000718599620507354	0.000321864854259113	0.00214119041413596	0.000508595036484039	0.00569471982560288	0.000857593079504615	0.0112437335475223	0.000967459650069946
tck	100	3	512	NL	0.05	0	1	0.00841781728240798	0.00532384278045295	0.00847011040053736	0.00487948857710641	0.00781302677520468	0.00333668556457889	0.0107638292333105	0.00251427442628771	0.0166164750097314	0.0066353837504125	0.027768618343887	0.0100485140767577	0.037064951683388	0.00997781404208853
tck	100	3	512	NL	0.05	0	1	0.00496388500135292	0.00463343083624723	0.00497717448984059	0.0052234099997952	0.00432014269434866	0.00548961117115565	0.00393935672552992	0.00629828850581449	0.00316174150775028	0.0218696937977547	0.00388066365856443	0.0129418013792293	0.00285420254897528	0.0123884607691004
tck	100	3	512	NL	0.05	0	1	0.00533829948457509	0.00529566929506675	0.00550980865198936	0.00490303087752753	0.00647302889392387	0.00529551425947328	0.0115098618691069	0.00417424939035504	0.0308745777060871	0.0110803079283601	0.0536993788187969	0.0212137902269365	0.069202135392228	0.0259092884255886
tck	100	3	512	NL	0.05	0	1	0.0109685174615807	0.00136727815502713	0.0108947240175978	0.00135200953833059	0.0115934205039951	0.00125461931323778	0.0118107695383091	0.00124146738686348	0.0189802062623237	0.00040445071230355	0.0417939853578586	0.000293999321988814	0.0367285246866245	0.00031355813666345
tck	100	3	512	NL	0.05	0	1	0.0204057309720422	0.0010594784514435	0.0191986516505351	0.00116257088071481	0.0175020311839083	0.00139130723662306	0.0168038096885222	0.00125036987035876	0.0141219821777093	0.00166657979760843	0.0158776388325224	0.00217130777250896	0.0145735541476504	0.00355782316530706
tck	100	3	512	NL	0.05	0	1	0.0346054836334431	0.00939348356614045	0.0365199493956494	0.0092304368055951	0.0372990222208014	0.00860096792833998	0.0366940044218685	0.0137531619775312	0.0455608433992238	0.0210863909282433	0.051407182840747	0.0168544500514759	0.060357544274908	0.0165574610741608
tck	100	3	512	NL	0.05	0	1	0.00843143914126421	5.03069592981964e-05	0.00785843104602724	3.78494511239502e-05	0.0111497029424396	2.91170626439685e-05	0.0162349309971119	6.32137819860379e-05	0.0335622171974913	0.00013932119927762	0.0488297898702521	0.00020305320496572	0.0532128900072207	0.000220161814814102
tck	100	3	512	NL	0.05	0	1	0.00384083694968651	0.00223212237979531	0.0040881978601246	0.00244948051682758	0.0036853102530755	0.00256923064055958	0.00464634210750603	0.00197431820717875	0.0067436096948833	0.00171024290922972	0.00613784524074434	0.00297578710415314	0.00624434435212806	0.00206604305848901
tck	100	3	512	NL	0.05	0	1	0.00635165611761601	0.00294524444385136	0.00617410424054954	0.00281286022572713	0.00562481438275386	0.00290762303745484	0.00605041782696847	0.00562866879721968	0.00479722517322334	0.00874882656104026	0.00366107936380522	0.0104017771937166	0.00348286150611155	0.00796377614244304
tck	100	3	512	NL	0.05	0	1	0.00637977261230194	0.0018802731995109	0.0061859791139206	0.00180037920262566	0.00631851405026074	0.00160649993583906	0.00832575928838741	0.00191375106746428	0.0111898677486302	0.00204092345736884	0.0205972722882533	0.00317303614193354	0.0196761188895025	0.00465120375169037
tck	100	3	512	NL	0.05	0	1	0.00628208238403327	0.00389751659218673	0.00726664597687643	0.00337094695068596	0.00924751466195839	0.00310573395147795	0.00853326643262209	0.00536403706874933	0.015249328305024	0.00498392619814081	0.0196302852167074	0.00331091256268057	0.023462845386924	0.00338163334608876
tck	100	3	512	NL	0.05	0	1	0.00130274793416674	0.000291017527377591	0.0013246096267957	0.000318027036646518	0.0014249924986115	0.000316398087324865	0.00262766671175507	0.000354993614183563	0.00467413714324638	0.000480599539580795	0.0124070324921639	0.000522446970032009	0.015262640125929	0.000340361672859668
tck	100	3	512	NL	0.05	0	1	0.00991542842314064	0.00100225164768575	0.0100057102183336	0.000964891739700491	0.0097149335910186	0.00102434226380432	0.0076258857170427	0.00119248151034079	0.00762698926277139	0.00150427366278616	0.00587235551796061	0.00136012022444665	0.00789928372018056	0.00137746017257423
tck	100	3	512	NL	0.05	0	1	0.00565390019692225	0.0250742796061818	0.00563795779724252	0.0253679891095955	0.00639861703156208	0.0269184385548163	0.00801565066154675	0.0385101091787745	0.00967238634950973	0.0547892953435342	0.00687522930324003	0.0662832848407118	0.00752135539317778	0.0606598075527343
tck	100	3	512	NL	0.05	0	1	0.00358247878188889	0.00280766816926581	0.00384516970921411	0.00289313144059955	0.00459711919250816	0.00356755181919888	0.00740453713474021	0.00475350876148239	0.0136006458010283	0.00843328081072914	0.0138078167238898	0.0105184611861651	0.011514228442586	0.0106575317556056
tck	100	3	512	NL	0.05	0	1	0.0138259954657193	0.00447834237058142	0.0143815482358005	0.00454386426711584	0.0138245978475505	0.004686858037796	0.0180333113005664	0.0053293535391381	0.0172555298346408	0.0100319093987942	0.0176867935749221	0.0126712143005063	0.0191982982058899	0.0136534350167199
tck	100	3	512	NL	0.05	0	1	0.000720341814821279	0.000753397373186693	0.00072238899163013	0.000793056878852783	0.000727478093517364	0.000842825095944466	0.000742791768734818	0.00087075760286115	0.00101598190241625	0.00128564905911066	0.00125335495811196	0.00144536815019791	0.0013966143977413	0.0019291543880775
tck	100	3	512	NL	0.05	0	1	0.00616998397991142	8.62701607321492e-05	0.00683880831232198	8.22756683236392e-05	0.00636532843609039	0.000103742250860517	0.00559191290041205	7.61109916282976e-05	0.0024858311841085	5.82098807403453e-05	0.00199500938625485	5.67246230498419e-05	0.00142255626445331	5.60464213833489e-05
tck	100	3	512	NL	0.05	0	1	0.00179604021873769	0.0121308493296297	0.00181931860366147	0.0127496272780271	0.00252841365539136	0.0120989474752423	0.00635339336977692	0.0115378897919978	0.0101288777585831	0.00783430477176272	0.0052284936242516	0.0131324559487536	0.00400300665958797	0.0142236819013499
tck	100	3	512	NL	0.05	0	1	0.0313718498322345	0.000134614111854559	0.0324146739431028	0.000136052589396196	0.0420163825520752	0.000202097392967504	0.037975859927815	0.000130379460992036	0.0256677148971419	6.27647195006187e-05	0.0173075817931587	1.43848097485799e-05	0.0180774423457861	7.20602866643993e-06
tck	100	3	512	NL	0.05	0	1	0.00159532701302623	0.00464042838002277	0.00162418338606163	0.00480946792031878	0.0017111817212101	0.00500871482508669	0.00192097511500156	0.00614054543810971	0.00363859755194951	0.0065941856244276	0.00679881356820822	0.00947826091548909	0.00777489823370336	0.00858901647168586
tck	100	3	512	NL	0.05	0	1	0.0067153679462747	1.15169489043332e-05	0.00702523462560334	1.10862423320368e-05	0.00716250654108741	1.03140358783671e-05	0.00731596560613967	1.05746600435053e-05	0.0140258686759664	1.24546141212489e-05	0.0143454417363021	2.9286706463294e-05	0.0280927594471223	7.56593700466102e-05
tck	100	3	512	NL	0.05	0	1	0.000474725533138654	0.0155561229415792	0.000464140649823364	0.0163506633023628	0.000464678789055206	0.0159119889074018	0.000391779312169049	0.0230360977779717	0.000465932975014516	0.0208952916070801	0.00166324698667242	0.0166466816485812	0.00340237609098759	0.0142434585447921
tck	100	3	512	NL	0.05	0	1	0.000987298493803301	0.000714142593573275	0.000972389353009584	0.000795824960640346	0.000811044419378737	0.000957472164286433	0.0014945272165392	0.000647333725764421	0.00314874000141796	0.000457511723722881	0.00527093856955574	0.000508881471063205	0.00519348727363633	0.000403207384863213
tck	100	3	512	NL	0.05	0	1	0.0364040745736238	0.00689578185174999	0.0353070097646018	0.00601310686122292	0.0395865700724806	0.00517833745454666	0.0331568328694195	0.00496271400275539	0.0157407970341714	0.00770770875228954	0.020867446171196	0.00870230612566625	0.0321987966780332	0.0064664535229737
tck	100	3	512	NL	0.05	0	1	0.000298665264945708	0.0250397447446594	0.000296753955516538	0.0249289379982431	0.00032100496383547	0.0290354227398861	0.00051603094000563	0.0277111845363593	0.00127145876060264	0.0342797986631258	0.00256902362074929	0.0364557897486042	0.00278982736286859	0.0488481383682251
tck	100	3	512	NL	0.05	0	1	0.00337515494756524	0.00594783954086875	0.0032342460118342	0.00519999134168903	0.00301952149739182	0.00416834729391535	0.00340601297905496	0.0062134641939553	0.00317048844506118	0.00744509352328315	0.00368634997847495	0.00711689705275109	0.00541465825920806	0.00708581163753286
tck	100	3	512	NL	0.05	0	1	0.00443047188352719	0.00125316338133463	0.0044074111873269	0.00126272394395377	0.00449537171576131	0.00115745043296622	0.00374382305244514	0.00081348302633466	0.00390739430280962	0.0014136529276052	0.00585424923482269	0.00209362891799247	0.0087532875835773	0.00222972101674224
tck	100	3	512	NL	0.05	0	1	0.0372106562662294	0.00413541454922861	0.0359782761893398	0.00458836819301045	0.0358307394178539	0.00398645155754263	0.0645220443684239	0.00455015327759722	0.0659472221690637	0.0104095970396156	0.0438126247794381	0.0241020363358253	0.0452750419616629	0.0264062609839524
tck	100	3	512	NL	0.05	0	1	0.00611858791423692	0.0158550191353848	0.00577071921413963	0.0148675627961442	0.00668822497094146	0.0144163423227289	0.00582783202920667	0.010640221791467	0.00537991462215859	0.0089546601595063	0.00273994450559645	0.0076313283130367	0.00208973124738354	0.0065697872279209
tck	100	3	512	NL	0.05	0	1	0.0109662793765797	0.00598742587568202	0.0108481101135041	0.00621006543952007	0.0101488354963254	0.0086495928502589	0.0114829305195618	0.00844962722768816	0.02145266128658	0.00770081002497958	0.0207781678958284	0.00996709697102027	0.0199701915779115	0.0114782314999102
tck	100	3	512	NL	0.05	0	1	0.0167535079976878	0.00227943894363636	0.0176207038250557	0.00225901099464221	0.0153913741907667	0.00188423252384773	0.0206347116588861	0.00220366817031281	0.0180210009424095	0.00321490420818571	0.0352174212324606	0.00513186209454675	0.03910584520421	0.00715728246894476
tck	100	3	512	NL	0.05	0	1	0.0158122079373584	5.41574545885881e-05	0.0161684504236902	5.44100823380855e-05	0.0172713501799914	5.4177133194111e-05	0.0131790263844586	5.94524370377547e-05	0.0121077902550859	0.000103198225713363	0.0121216453913491	0.000109028222248897	0.0122356729055664	0.000100679640101076
tck	100	3	512	NL	0.05	0	1	0.00603912532535644	0.003681152054124	0.00607036525148719	0.00381694084021311	0.00552133125210952	0.0032855133138554	0.00460973375233453	0.00276990783011755	0.00709044863759634	0.00281386919893412	0.00665549692966494	0.00140764816295336	0.0079791029893781	0.0016141590290859
tck	100	3	512	NL	0.05	0	1	0.000843445515153585	0.000287517046526187	0.000807428217437511	0.000268352180752718	0.000838898939803823	0.000286398109587305	0.00113916118999624	0.000294402362759016	0.000581920440542616	0.000398191154334926	0.00115536891178858	0.000508516620217003	0.00121625296275196	0.000816475237313097
tck	100	3	512	NL	0.05	0	1	0.0147860007933134	0.000377703570684562	0.0144091413906176	0.000360227536496671	0.0143529455278187	0.000369765444109271	0.0114160990403928	0.000548256500867761	0.0112256181304209	0.000974847699164672	0.0223910714355948	0.00314214874330776	0.0305383345921419	0.00375465420113996
tck	100	3	512	NL	0.05	0	1	0.0091413564247067	0.00149830322296385	0.00965612407162653	0.00156333312069923	0.0078750780114174	0.00133622442368098	0.0101178352349183	0.000542344464376621	0.0105018852876613	0.000266418637038135	0.0104876063856675	0.000204511363844917	0.00885370369663074	0.000291728941313574
tck	100	3	512	NL	0.05	0	1	0.00357009485414173	0.000452522550054346	0.00350112118563306	0.000440537090985904	0.00389126127950989	0.000450310107334206	0.00239828339872905	0.00058269385946863	0.00105436663948999	0.000667519906207836	0.00134516392330297	0.000637272303032232	0.00119464740092257	0.000788176139475461
tck	100	3	512	NL	0.05	0	1	0.0156377214635247	0.0452438249505609	0.0163409900491247	0.041293137260672	0.0152199174492482	0.0462479349661411	0.0248460543727498	0.0676967526679123	0.0253245297546187	0.0550524217349562	0.0232132706687898	0.066756189423641	0.0274047920518052	0.0586071457518611
tck	100	3	512	NL	0.05	0	1	0.00276611171472074	0.0139840122480139	0.00286157667613618	0.0146665857295543	0.00303550031326272	0.0137823277527038	0.00351424841313963	0.0120554613180789	0.00343526676325845	0.0220861504139133	0.00424120252499749	0.0333962577524594	0.00402130357328501	0.0322022467108443
tck	100	3	512	NL	0.05	0	1	0.0214385664049834	0.00521663939556016	0.0222284386391696	0.0042097507760368	0.0181829781306782	0.00475846911304034	0.0195172352917191	0.00860261754749359	0.0253553585648139	0.0116886092183712	0.0160425454694687	0.022752698616902	0.0122392832064309	0.0182216329325282
tck	100	3	512	NL	0.05	0	1	0.00752507737927866	0.00473125918365458	0.00738017949073155	0.00464988253892173	0.00788560309532071	0.00519253035174982	0.008248408364808	0.00917226717165553	0.00843831621795044	0.0163121130936646	0.00751495617755138	0.0200976632218091	0.00602130267052314	0.0198006516467469
tck	100	3	512	NL	0.05	0	1	0.00846732858995525	0.012107546546033	0.00762515535694852	0.0114359659755564	0.0100934179784782	0.0108255101437107	0.0117008351327926	0.0116549504445236	0.0259487934813997	0.00986583541909547	0.037228659681078	0.00859383879536268	0.0357615152851175	0.00654315966711061
tck	100	3	512	NL	0.05	0	1	0.00100616033404566	0.00912691508746621	0.000970988084890378	0.00949800906160325	0.000903343162418357	0.00897209194732485	0.000619142680496454	0.00768685111427392	0.000377484212447321	0.00613416754088947	0.000435577378734786	0.00493153283137959	0.000757941421316799	0.00681504487329321
tck	100	3	512	NL	0.05	0	1	0.00747793476309666	0.000231984802552709	0.00708587981245046	0.000246384361899166	0.00732875038753344	0.00023076863598348	0.0113147097690072	0.000470566794869454	0.0223468673988352	0.000825174540682205	0.0425556917167781	0.00117519812004163	0.047152572038099	0.00122163681807075
tck	100	3	512	NL	0.05	0	1	0.00289864329927791	0.000205223092133666	0.00285402032758886	0.000204495527689863	0.00296116871043028	0.000203981535443321	0.00330457465072143	0.000223858284946754	0.00351201016918568	0.000307265757922282	0.00347810787095615	0.000664415273007757	0.00562766331766973	0.000971636532936859
tck	100	3	512	NL	0.05	0	1	0.0123299502148992	0.0247907814354462	0.0134485305708517	0.0251006831648	0.0128334041993385	0.0315299601541337	0.0232184873749319	0.0335949283316824	0.0726441853279458	0.0621615265700266	0.0746906268315939	0.0776340693554444	0.0875859232005998	0.0717014059059459
tck	100	3	512	NL	0.05	0	1	0.00175989097843288	0.00735524555983913	0.001772973209753	0.00765852144012602	0.00175650256483195	0.00769293787118697	0.00177308928769482	0.00593515217874407	0.00282896276040667	0.00256047431885364	0.0113366875354877	0.00366123325590273	0.0168387677544746	0.00604878537139042
tck	100	3	512	NL	0.05	0	1	0.00126427754708935	0.0213818090044515	0.00122604652713976	0.0205349431293214	0.00128321578890489	0.0188478313333114	0.000965116727755122	0.0122140643409412	0.000783814979500641	0.0102250713120897	0.000861041124111117	0.0114879483254665	0.000936895333176868	0.0155704652698021
tck	100	3	512	NL	0.05	0	1	0.00416436964155742	1.59329112610074e-05	0.00399289484016907	1.53357101840834e-05	0.00383615582844776	1.45734534637842e-05	0.00373238265710163	2.81721133564838e-05	0.00287713465041373	3.70365360691238e-05	0.00298910347258308	5.48336607356648e-05	0.00331930834923	5.89948545529628e-05
tck	100	3	512	NL	0.05	0	1	0.00447995072644813	0.000587783541836195	0.00464955752779306	0.000627156531548989	0.00540067651391252	0.000606277996912263	0.00699702331327312	0.000627579323164373	0.00557190751720205	0.000647993937734848	0.00768924620805489	0.000721555471375757	0.00957482193069037	0.00086925529704962
tck	100	3	512	NL	0.05	0	1	0.00174461172177587	3.3334429915266e-06	0.00174358571739452	3.42280608767176e-06	0.00209748995384262	4.04526429709229e-06	0.00238923725607054	3.65621944486971e-06	0.00360235890031213	1.23728340544194e-05	0.00708641119775566	1.94129133770371e-05	0.0067429853120945	2.74238888312572e-05
tck	100	3	512	NL	0.05	0	1	0.00722632562478021	0.00120172249216755	0.00635545543631422	0.00125713905552993	0.00798759517006042	0.0010235716784619	0.00701894818833926	0.00117769175923321	0.00874086249534978	0.00346531284128682	0.0146576249401302	0.00543260766790943	0.0221404860764762	0.00367551589821047
tck	100	3	512	NL	0.05	0	1	0.000425081248958459	0.00192570150053784	0.000429473344926601	0.00200180392346128	0.000362671181887153	0.00226385586308531	0.000318395869811194	0.00394034084165262	0.000187939158875938	0.0090382543848756	0.000248745466948197	0.015215470824862	0.000373969070756042	0.0154181546666619
tck	100	3	512	NL	0.05	0	1	0.00235962140903423	0.006193577654662	0.00249021698656882	0.00568820660744795	0.00231992384463353	0.00634646688555374	0.00288001880179234	0.00781257442597938	0.00461311442759205	0.0119428562501287	0.00321453165230146	0.00784046651901604	0.0038680247124615	0.0102209476435473
tck	100	3	512	NL	0.05	0	1	0.0247017153573821	0.0028523084046852	0.0241052128462272	0.00284520338837013	0.0313071719793813	0.00311663832811537	0.0263292820262986	0.00265088651693079	0.0197184724212153	0.000717131340223109	0.0292118569921866	0.00145576601506403	0.0310104922285394	0.00184539482934143
tck	100	3	512	NL	0.05	0	1	0.00558621776945145	4.46416843865594e-05	0.00566441568191456	4.34490941538801e-05	0.00613923249244941	3.56319318801646e-05	0.00699094558726698	1.86966060991001e-05	0.00552578980424667	3.75402359626964e-05	0.00542480453632321	6.95039668622277e-05	0.00775035705200045	6.90736379268531e-05
tck	100	3	512	NL	0.05	0	1	0.0086962525935339	0.000377167966550629	0.00891208685781097	0.000397501820935897	0.00976539022697309	0.000390379302276811	0.00994348899273256	0.000344871982325801	0.0103054349311994	0.000278020619556396	0.00787433421590467	0.000144626106943879	0.00816224117033004	0.000127579550763035
tck	100	3	512	NL	0.05	0	1	0.00113182009347401	7.76351845510614e-06	0.00112769058256568	7.60277419498134e-06	0.0010497985169261	8.9154946620873e-06	0.00128282816986114	1.75062954955729e-05	0.0024769364719317	2.04173358331339e-05	0.00784969015228953	3.09168702884444e-05	0.0114943675606607	4.32502050610184e-05
tck	100	3	512	NL	0.05	0	1	0.015902830257531	0.0301049535913146	0.0179328206825216	0.0309460845505166	0.0200058136026987	0.0368930166901339	0.0176656404867346	0.041203880376564	0.00999074565121716	0.0714420325394053	0.0090682470885155	0.070150060662435	0.00596091125116494	0.070089872646299
tck	100	3	512	NL	0.05	0	1	0.00317114905524107	0.00808897617028526	0.00321479728605867	0.00793112432365639	0.00284567861144092	0.00804810408706558	0.00344111549181358	0.00914012148257481	0.00605829666572211	0.00985068258865629	0.00845228716125757	0.0217812434179316	0.0111460217929882	0.027161599345767
tck	100	3	512	NL	0.05	0	1	5.70054251392005e-05	0.00102220916035933	5.853047423654e-05	0.00108995725613603	8.55505337494789e-05	0.000939297717541088	8.4763070328564e-05	0.000811830257992363	0.00018479902902202	0.00112337846381338	0.000769535926941067	0.00181001919823132	0.00222413332205418	0.00266792487068002
tck	100	3	512	NL	0.05	0	1	0.000428492438750205	0.00233830525879064	0.0005888282564388	0.00241867694151243	0.000912440373065593	0.00252178874425968	0.00149717965328156	0.0028478952283375	0.00221063622425099	0.00189849536457909	0.00273606362830559	0.000632788695109854	0.00248500696315146	0.000347395554534891
tck	100	3	512	NL	0.05	0	1	0.00293470451242928	0.000165516193009307	0.00308765630997443	0.000165626728370061	0.0031844106850929	0.000267079026591288	0.0029554418401434	0.000294669727869845	0.00545818620189897	0.00117875464513029	0.0109881755314829	0.00138810581905613	0.016403132343765	0.00135249519105407
tck	100	3	512	NL	0.05	0	1	0.0044157314386597	0.00266747446688498	0.00441663047266405	0.00226697420889932	0.00383088725711822	0.00183688161332962	0.00391748425443439	0.00176993072167186	0.00341995870927836	0.00130869252109589	0.00258780741608655	0.00134982779761894	0.00325977378999931	0.00131790554505939
tck	100	3	512	NL	0.05	0	1	0.013423585885167	0.0370724538565762	0.0137846127827198	0.0363141530324627	0.0194222214885482	0.033863510494112	0.0543840873699794	0.0271942890206824	0.0971539484533754	0.0163053916507179	0.107215291954878	0.0307618226455266	0.101809360908692	0.0318776178063866
tck	100	3	512	NL	0.05	0	1	0.000401909758913077	0.00840026899664159	0.000423122409781373	0.00881987459039768	0.000550743681289823	0.0094537063479444	0.000692428273060708	0.0117443608127153	0.0013030616259424	0.0276053730663454	0.00395003739784761	0.0470856311885217	0.00693580844668562	0.0543738792660849
tck	100	3	512	NL	0.05	0	1	0.0159132474589432	0.00457797045859798	0.017688082926185	0.00461656259186471	0.0182533145660179	0.00443500927483731	0.0215211274377409	0.00439731853680336	0.0103946581906408	0.0071404773349123	0.00703624223471078	0.00711462515015038	0.00744315483586955	0.0117737195410133
tck	100	3	512	NL	0.05	0	1	0.00605931009835325	0.00118049118436581	0.00620644287692518	0.00111143159117111	0.00839082685048487	0.0014416574015661	0.0135384871468461	0.0013715225816413	0.0199573225730354	0.000672778483185144	0.0236573233342322	0.000934263650832268	0.024297054632046	0.000963708208181258
tck	100	3	512	NL	0.05	0	1	0.00304111897494375	0.000179191384294342	0.0032910400511772	0.000168208337004039	0.00378727125454859	0.000135320636541425	0.00346500236050207	6.9676813703845e-05	0.00240749704755006	2.62190564536136e-05	0.00133164068757941	2.3920931617738e-06	0.00181742457665324	1.03569288900651e-06
tck	100	3	512	NL	0.05	0	1	0.00925901932843753	0.00118070723410046	0.00900147361339731	0.00121787580134691	0.0099001880985472	0.00141406155155122	0.00973665517956634	0.00211210279138496	0.0134014352533023	0.00211929816848389	0.0146343301878551	0.00288104575928516	0.0161396084502714	0.00311606047656943
tck	100	3	512	NL	0.05	0	1	0.00566987066324631	0.00128083190987982	0.00537487073976251	0.00123731605809096	0.00513341620052321	0.00143608833600495	0.00694344199679831	0.00201266789365984	0.0118905855000604	0.00257945009287563	0.0150514224134448	0.00335950932411355	0.0182192430100019	0.00341994379817967
tck	100	3	512	NL	0.05	0	1	0.0130929134786109	0.0190506970944028	0.0142250719519439	0.0194955576923662	0.0160100681414423	0.0199338142018368	0.0212194997711923	0.0140171123132744	0.0189677518009591	0.00885002723557737	0.0129694211537608	0.0071142489770768	0.0133575096746836	0.00770487022604505
tck	100	3	512	NL	0.05	0	1	0.00126984654465356	0.00016609292684755	0.00125690027742698	0.00017665026165703	0.00105345186156436	0.000197586957527918	0.00116183113398072	0.000149847900160149	0.00243956395155809	5.69187398712367e-05	0.00790655913327243	4.81005076323759e-05	0.00922660990846758	4.08067161750125e-05
tck	100	3	512	NL	0.05	0	1	0.0130386557520831	0.000343742285949356	0.0127529132574451	0.000364965080195789	0.0143176259820411	0.000431559608209953	0.0173271169827944	0.00115690930512846	0.011199027881983	0.00291548494288119	0.0152270595530262	0.00374459544781014	0.0161615455110814	0.0042503635127471
tck	100	3	512	NL	0.05	0	1	0.0041338324253003	0.00193709039674195	0.00390682909088635	0.00194240997294948	0.00420123293413854	0.0022452484992499	0.00462465858872474	0.00224127800115403	0.0102732413456424	0.00236887725411594	0.0181472069128011	0.00436073091501266	0.0204049129796418	0.0057674324601773
tck	100	3	512	NL	0.05	0	1	0.00117547080889158	0.00362695091299881	0.00110375312666611	0.00345903342240028	0.00109045044518052	0.00413429815795907	0.00150598215146469	0.00636965437930059	0.000831987677921364	0.00901900098136876	0.000613632769174477	0.00935402724304035	0.000595454339438861	0.0105030112480775
tck	100	3	512	NL	0.05	0	1	0.00381716359369522	0.000333275247552001	0.00431497388716329	0.000353528282448945	0.00431629555877366	0.000350825649783282	0.00219339120150752	0.000499494961081481	0.00115951282564986	0.00116665205337174	0.00124766268086729	0.00209589908111407	0.00132912058440493	0.0027651005200906
tck	100	3	512	NL	0.05	0	1	0.00954130047479862	0.0245343688273303	0.00955360359111324	0.0253706712680929	0.00849815456698844	0.024316024572956	0.00570920998057156	0.0213307904339823	0.00535993319555106	0.0442221201679541	0.00857982950224867	0.0665684864886993	0.0100399060592384	0.0731422291518058
tck	100	3	512	NL	0.05	0	1	0.000727846741340743	0.000502323941853788	0.00076313174587106	0.000520837616569736	0.00074788901181555	0.00053327325251451	0.0015309187735173	0.000607228947627547	0.00517345305025996	0.000823834599710471	0.00620385942335222	0.000867389841240795	0.00711526502354598	0.000783841447940636
tck	100	3	512	NL	0.05	0	1	0.0164621498918543	0.000337585647246508	0.0160992677864714	0.000323288771429731	0.018451830588578	0.000308916374919921	0.0238622753020936	0.000340715052220997	0.0243954580385277	0.00170048148955937	0.0241338353604007	0.0026920605529136	0.0292960339005478	0.00156310452233721
tck	100	3	512	NL	0.05	0	1	0.00724892347750883	2.5436799494738e-05	0.00720671722464816	2.67057033325191e-05	0.00828713370694456	2.23445289060376e-05	0.00776756377518462	2.73916210644654e-05	0.00864959686064859	1.70175530752603e-05	0.00981465661358449	1.78526513011645e-05	0.00946186249034797	4.18804936461736e-05
tck	100	3	512	NL	0.05	0	1	0.00107136869065005	0.0062870404229467	0.00117424571470459	0.00629023327985556	0.00104603847041473	0.00665908704594542	0.00119986881063738	0.00752135009758392	0.00397515714660968	0.00607653449153034	0.0101783607545988	0.00567275659324662	0.0126790729093006	0.00722710393388681
tck	100	3	512	NL	0.05	0	1	0.00845373050989917	0.00933067966169843	0.00876664101812552	0.0092447652896287	0.00950028482717991	0.00967630461996083	0.0114680682563033	0.0130391775732875	0.012788918099644	0.0292887221716006	0.0110389180773922	0.0831393260996829	0.0138567557425306	0.0797039608598408
tck	100	3	512	NL	0.05	0	1	0.00548417619267672	0.00012147376983207	0.00551624084369429	0.000118742800993887	0.00641750342990033	0.000144574986947976	0.00903225505032379	0.000162768231372512	0.0204970390520242	8.26032542522448e-05	0.0295439512919837	5.29401505284799e-05	0.0352922987131186	7.21132341598985e-05
tck	100	3	512	NL	0.05	0	1	0.00321445193878478	0.0010012338161367	0.00342463563519413	0.00105488077765181	0.00379750525345579	0.00119080104875047	0.00577796979222645	0.00149251527491856	0.0072398575593472	0.00172814665355248	0.0116320157938175	0.00106478690894274	0.0130487861574915	0.000974837620076663
tck	100	3	512	NL	0.05	0	1	0.0372270450837894	4.99695921036825e-05	0.0407651195555696	5.0984487918293e-05	0.0414323417225029	5.37239394631239e-05	0.047872729375682	4.20713939585093e-05	0.0433478890971591	8.01932555740681e-05	0.0382764736978604	0.000110444036666935	0.0462530723190433	0.000113727884056392
tck	100	3	512	NL	0.05	0	1	0.00119190372294753	0.00221590453198917	0.00121763729308477	0.00228680709245155	0.00126043154001432	0.00220353725034261	0.00131124682075856	0.00361887032004082	0.000968038301501606	0.00580084526432256	0.0010696236726444	0.0079455515655813	0.00061072034646148	0.007401162339291
tck	100	3	512	NL	0.05	0	1	3.40865759052011e-05	0.000114261535472115	3.57693842483187e-05	0.000107960193294843	4.18587593532527e-05	9.89236580222208e-05	3.37643518462105e-05	0.000134703398267821	4.61717106181592e-05	0.000172232321164256	0.000109877439883665	0.000274142386082366	0.000132165994820133	0.000333535527011097
tck	100	3	512	NL	0.05	0	1	0.0161510995801691	3.51383604946243e-06	0.0161336007653696	3.57044762178127e-06	0.0169421961073916	4.07678976388492e-06	0.0173501245480072	4.16472196085316e-06	0.0240889027089776	5.51772962920083e-06	0.0316777511087718	8.40257752110496e-06	0.0321802266218588	1.47311583255094e-05
tck	100	3	512	NL	0.05	0	1	0.00331790259211329	4.61995001874715e-05	0.00345346208885877	4.76615802295077e-05	0.00355353213239673	4.04873121048199e-05	0.0042249866935189	6.80716942335069e-05	0.00251468193774218	0.000106820765433113	0.0010871503088834	0.000112642769105165	0.000690803526397721	0.000121433139919858
tck	100	3	512	NL	0.05	0	1	0.0252012470690965	0.0172432650869625	0.02525548332744	0.0162186441126149	0.0260959500478493	0.0168989252339393	0.0316127504922803	0.0128467555347174	0.0348213887648827	0.00767507639482867	0.0344556080152723	0.00594591721418425	0.0290224111893754	0.00384564553882527
tck	100	3	512	NL	0.05	0	1	0.014208966503608	0.000192325678090466	0.0146106350698546	0.000185883733717085	0.0153829115789907	0.000212261923615786	0.0169311325450164	0.000169390413770731	0.0122963619544236	0.000113564687683088	0.0100063096272183	0.000194145725234351	0.00767282231120936	0.000338868806616932
tck	100	3	512	NL	0.05	0	1	0.00929503470682602	0.00454545854799804	0.00859892846077948	0.00496527984756834	0.00804889252111618	0.00450541724369224	0.0101326546996712	0.00638791336228284	0.0151515179620625	0.0156409889381299	0.0254347686823531	0.0128794674528829	0.0278483901763371	0.0151738560141903
tck	100	3	512	NL	0.05	0	1	0.000466913116866863	0.00162414997260785	0.000444207131065188	0.00193973513347812	0.000470740352218724	0.00186137737828374	0.000436334677789363	0.00133859298180172	0.000382931771686246	0.00156407533702874	0.000397564959097818	0.000806964914328745	0.000465287874718223	0.000749801787363169
tck	100	3	512	NL	0.05	0	1	0.00371702959205478	0.00436930228234256	0.00385295688110376	0.004359624951495	0.00374288446052717	0.00379534657534308	0.00342259634521569	0.00351319002459527	0.0122931105398717	0.00283367076087326	0.0177359864889737	0.00575562007261654	0.0249691175911502	0.00431629123255894
tck	100	3	512	NL	0.05	0	1	0.0070223344256195	0.00144987957425746	0.00769575189416272	0.0014976352363707	0.00787140734096137	0.00151709168752734	0.00904127122095599	0.00162433188955213	0.0108369953298262	0.00284632613325586	0.0172865007327616	0.00673769056502693	0.0185376500655807	0.00608148687713062
tck	100	3	512	NL	0.05	0	1	0.00174751075472346	8.92561900072142e-05	0.00169230126389897	8.7712625989167e-05	0.00186135698109036	0.000104964043304734	0.00288430578383136	0.000127683053377847	0.0069161510563801	0.000136419118208941	0.0124774691854277	0.00100653647769922	0.0168596756286654	0.00182865558782608
tck	100	3	512	NL	0.05	0	1	0.000157430479746257	0.0049969224639933	0.000146757084009019	0.00473994379406029	0.000183293475369384	0.00530901554239993	0.000599436007145293	0.00511459399447878	0.00224028991687231	0.00415013138739762	0.00386838046820981	0.00244084569021752	0.00568130564753133	0.00245646988281867
tck	100	3	512	NL	0.05	0	1	0.00310392136354376	0.00371415599104008	0.00306690545385435	0.00371070299223586	0.00350092691354598	0.00374457670732486	0.00388026961610566	0.0041767951699303	0.00443724628803399	0.00365082236133252	0.00628020799985984	0.0034952764315721	0.00518644920591671	0.00275053597203145
tck	100	3	512	NL	0.05	0	1	0.0223853905026505	0.00164927462538955	0.0218940168254865	0.00161062468860906	0.019893656527163	0.00160135884906887	0.0190733596806034	0.00199912413185643	0.027408830306506	0.00144807526450352	0.0275508925815987	0.0010758867597388	0.0269674245219909	0.00106962236816455
tck	100	3	512	NL	0.05	0	1	0.00784958320943119	5.03423195890029e-05	0.00795154100489193	4.74764693175755e-05	0.00681828044041466	4.4110272146014e-05	0.0071495486497104	5.7218268536996e-05	0.00661240216051806	5.71520002976555e-05	0.0109304371777921	9.34811488046972e-05	0.0139485544844604	9.17114572316358e-05
tck	100	3	512	NL	0.05	0	1	0.00148978916865616	0.00116886250912107	0.00147333302213126	0.00121166305919762	0.00157559874646218	0.000995602497184667	0.00215107471449971	0.0010578238297716	0.00297022215404918	0.00113522393059284	0.00821831676997831	0.000693022094651052	0.00928317357093678	0.000570900752239867
tck	100	3	512	NL	0.05	0	1	0.0269308300463387	0.000661231145694496	0.0267415886326713	0.000645307619335345	0.0294659013421185	0.000681452849666808	0.0356839014937949	0.00124415730443306	0.0385416973650829	0.0030434146532744	0.0250847484632311	0.00693774181116424	0.0221982513549908	0.0117149368617293
tck	100	3	512	NL	0.05	0	1	0.0204117314600929	0.0111160598311584	0.0208616211434436	0.0110655507371543	0.0217811523252405	0.0120060766300163	0.0220613822230364	0.0175912811374357	0.0132351965090902	0.0307348705864955	0.00968242470999159	0.039399698678357	0.00848302435933412	0.0460220821724207
tck	100	3	512	NL	0.05	0	1	0.00487951693169997	0.00114665618968113	0.00523451183115464	0.00103915016802936	0.00572762638659186	0.000936924898894076	0.011247254625667	0.00141364415746359	0.0111827484387942	0.00149932430192612	0.0122750298405889	0.00298292699839231	0.0128368680804317	0.00410569477993139
tck	100	3	512	NL	0.05	0	1	0.00523715811401748	0.0065504133682851	0.00513524919868746	0.00705641696351755	0.00630587855864684	0.00671059714529831	0.00881518484023103	0.00872915786415196	0.00966067915237978	0.00796747250335217	0.0168594793435743	0.0167801047758286	0.0222489291731811	0.0186827961882783
tck	100	3	512	NL	0.05	0	1	0.0588403314353174	0.00435215647270293	0.0588954723339885	0.00436865123221186	0.0627397055477246	0.00458165617008	0.0593821022602916	0.00414228633595681	0.0552015643839441	0.00197790990332258	0.0528184454622525	0.00186718567723476	0.0596381689681093	0.00145418005758313
tck	100	3	512	NL	0.05	0	1	0.0129670157309083	0.0047293004429878	0.0124308484243929	0.00417343179572649	0.0141987063965201	0.00578175808424231	0.0185764077654438	0.00592879793673473	0.0147749747417807	0.00408155101695318	0.0187802861990097	0.00684491900092321	0.023669976116232	0.00671574309814282
tck	100	3	512	NL	0.05	0	1	0.0489847201065781	0.00210208435518267	0.0494579677118905	0.00221562006580878	0.0569972032247722	0.00216783539664189	0.0830989983061495	0.00285377164185752	0.0852971514439859	0.00330533840545633	0.119364497820611	0.0044854976528117	0.181423056416881	0.00371104255269472
tck	100	3	512	NL	0.05	0	1	0.000424879999769257	0.00174438223305096	0.000453271713964254	0.00168656951514468	0.000572370951500201	0.00176304160940022	0.00193123889936397	0.00225956920837012	0.00203106419760202	0.00187005296921439	0.00478748385266181	0.00375688826892739	0.0060927516434528	0.00466475313264758
tck	100	3	512	NL	0.05	0	1	0.0139857125308236	0.00707864902461885	0.0148751613250271	0.00715777272172935	0.0146362647710432	0.00666651988261457	0.0162907737055835	0.00664493348773887	0.0151390473386287	0.00814133619058366	0.00871273975127185	0.00472998193511565	0.00584792729411243	0.00396485182340411
tck	100	3	512	NL	0.05	0	1	0.0044514674575048	0.000645748166817617	0.00442960200332054	0.00068905123658658	0.00507870977205016	0.000742766191319522	0.00574784149606633	0.000828056360800522	0.00674627067596645	0.00100744299225897	0.00862972036814769	0.00097642107839957	0.00845418872996984	0.000776262051066734
tck	100	3	512	NL	0.05	0	1	0.0096689793635103	0.00311821512120836	0.0104362997486366	0.00289967407582681	0.0116004859836178	0.00334016572724916	0.0111945962285139	0.00518919267490814	0.0170092766731649	0.00493176006521368	0.0152829272372118	0.0045248998300762	0.0175613542923476	0.00315490684095621
tck	100	3	512	NL	0.05	0	1	0.000240300512378555	0.000312418702818507	0.00024935059994291	0.000328278559516448	0.000245234187963184	0.000330008205075671	0.000269959449495927	0.000283908747646944	0.000369011718111323	0.000403222212467025	0.000843142810339703	0.00035784377541892	0.00103621425364253	0.000255506560066676
tck	100	3	512	NL	0.05	0	1	0.00128825378535269	8.4937990059486e-05	0.00132924769761611	7.79377405792925e-05	0.00116847248028962	7.14866511932755e-05	0.000917429410602577	0.000107703865847464	0.000982371214903965	0.000174304697673988	0.00134490770692208	0.000260411795345306	0.00148873075948264	0.000248693135641465
tck	100	3	512	NL	0.05	0	1	0.00890579847295869	0.00414758528365633	0.00917205246581154	0.00392499539380897	0.00966369786245858	0.00435174050321441	0.0147510046251527	0.00238519907703827	0.0105482760649157	0.00255367808383922	0.009538285529886	0.00225486791724994	0.0098035403016703	0.00260104312977361
tck	100	3	512	NL	0.05	0	1	0.00374157851639212	0.00357041877295439	0.00354507248206837	0.0036766798386707	0.00302282491657091	0.00369561389621853	0.00396633187679651	0.00436285739873798	0.00666229297720478	0.00521928796952698	0.00755680287694138	0.0073477577120491	0.00973214349142382	0.00697982065548552
tck	100	3	512	NL	0.05	0	1	0.00946161193568829	8.04188637737457e-05	0.00997180572946021	7.95177758134979e-05	0.0103634451481976	6.93313784975169e-05	0.00785514725694469	9.78144230900924e-05	0.00793380547180478	0.000175763992910527	0.00808764438526022	0.000534090078579741	0.00802253039935641	0.000710191348309186
tck	100	3	512	NL	0.05	0	1	0.000947183641288873	0.00329774098177327	0.000993707721988479	0.00300524215011699	0.000787525795385213	0.00317175207586229	0.000782705279935847	0.00217018014850623	0.00254589395254579	0.00296938720509821	0.00757163675539374	0.00719599763541989	0.00745603302331954	0.00636946052694343
tck	100	3	512	NL	0.05	0	1	0.00617434949191342	0.00115360712230572	0.00682465968031643	0.00105075639243046	0.00863396922171122	0.00102649654323517	0.0159052008198041	0.00107150954516921	0.0162557314372545	0.00121366176883975	0.0151876461349254	0.00230908874187608	0.0196052839532667	0.00378973915636116
tck	100	3	512	NL	0.05	0	1	0.012029708473168	0.00124467585093235	0.0123679090299478	0.00120761926645785	0.014521599956129	0.00130306081293208	0.0114687194733891	0.000629360136777612	0.01391888989139	0.00124632704475491	0.0255696716401823	0.000995552158891133	0.025474511975963	0.000942825659447699
tck	100	3	512	NL	0.05	0	1	0.00817311329363046	0.0213706150711892	0.00811674900043868	0.0200327348062244	0.00767369491237946	0.0200967181052042	0.00865206679666108	0.0131854664325508	0.0113983771305892	0.00940658857181564	0.0131504719989746	0.00409192744860565	0.0224940443712436	0.0032910169218594
tck	100	3	512	NL	0.05	0	1	0.00248424366031563	0.000205169353582946	0.00268451848209394	0.000210841292290209	0.0033326728580485	0.000220188124166132	0.00456760294998426	0.000387645232817202	0.0068056397181061	0.000357403857448091	0.0110535630765682	0.000544336978077542	0.0160943615421074	0.000711493010399411
tck	100	3	512	NL	0.05	0	1	0.00966277145320371	0.000853343234347492	0.00972564438329382	0.000825092133403982	0.00954028697695319	0.000769017501312863	0.00765751336663134	0.000794343580018619	0.0117394311228725	0.000459465586185925	0.0146344793278766	0.000614406614982355	0.0211854438594221	0.000641472768454832
tck	100	3	512	NL	0.05	0	1	6.35729582632028e-05	0.0160997851312987	6.82337231110441e-05	0.0169002225012855	8.55945525408686e-05	0.0249361950716493	6.70880785330619e-05	0.0330440662479061	6.92276498972522e-05	0.0569060701063753	9.90036359949098e-05	0.0869007634627553	9.72974215545097e-05	0.0896979960811728
tck	100	3	512	NL	0.05	0	1	0.0165080838435397	0.00145775227052558	0.0173952815028502	0.00145544929366315	0.0183943846440341	0.00150239771457183	0.0222946447810829	0.00211358531036177	0.0192555580435293	0.00238788783289445	0.0309911853852383	0.00211789704078025	0.0265897125693704	0.00211343620646909
tck	100	3	512	NL	0.05	0	1	0.016787306790168	0.00295212692435398	0.0171190401340809	0.00279767836221922	0.0185811835117122	0.00306855890934066	0.0180987592938123	0.00364633447370699	0.0235887159641006	0.00548696335899357	0.0303369114838925	0.00698907478539768	0.0278071911565596	0.00631337424516021
tck	100	3	512	NL	0.05	0	1	0.00365922033114585	0.00697150518752432	0.00342126020751266	0.00704317536296162	0.00250732689904531	0.0076870264078398	0.00176859960471065	0.00895743496820889	0.00216073829076269	0.00685883455819414	0.0023298235850755	0.00961522767060674	0.00228951623046936	0.00920360424242805
tck	100	3	512	NL	0.05	0	1	0.00173110268205945	0.000848107609640047	0.00171694943460632	0.000817047633599688	0.00186427879484097	0.00101110082163414	0.00196772697398317	0.000726421989649118	0.00211311042161022	0.0018444531320615	0.00162905911397071	0.00562050967970085	0.00223679238742913	0.0070294708766323
tck	100	3	512	NL	0.05	0	1	0.00745516681696889	4.67787767824968e-05	0.0070593852207862	5.09975699969356e-05	0.00683489832079953	5.48115649203762e-05	0.00904544961205045	4.55989849326155e-05	0.0121270672301557	4.17457245912578e-05	0.0112595224157417	4.17690658943703e-05	0.0108476697971078	3.72110262377712e-05
tck	100	3	512	NL	0.05	0	1	0.00348158007708377	5.94429022304777e-05	0.00325565230647729	5.88346323026068e-05	0.00361431006961221	6.81153648245392e-05	0.00284223121428184	5.70054956273713e-05	0.00534664875319757	6.64968261598897e-05	0.00951465600508106	0.000128959106601934	0.0163063989905186	0.000206398641924288
tck	100	3	512	NL	0.05	0	1	0.031030288772894	0.00117042353785435	0.0317494924745542	0.00107841478571702	0.0311907393117592	0.00102154620543515	0.0391141316866447	0.00137342029288923	0.0314198184293304	0.00481165227229052	0.0269091693872967	0.00911663737121837	0.0215689694892238	0.0100081610076594
tck	100	3	512	NL	0.05	0	1	0.0131450356847849	0.0574340927640336	0.0131276741172326	0.0555472041943597	0.0119768479645906	0.0562145695246568	0.0120264587653928	0.0615837440077679	0.0145116785343207	0.0783096670447253	0.0129674197593596	0.0962347801587684	0.0118841932686531	0.0817261908495133
tck	100	3	512	NL	0.05	0	1	0.00180829775519209	0.00533052155589031	0.00177603552496708	0.00497448648250232	0.0018732144944853	0.00406576654719104	0.00306384292717743	0.00420049602152262	0.00403361969239135	0.00801899363636949	0.00323528022747799	0.00670973357579552	0.00421254029678375	0.00736088209493646
tck	100	3	512	NL	0.05	0	1	0.00169521980149945	0.00970906075526401	0.00173036208323352	0.0101536319985333	0.00164917739283865	0.0112586584068458	0.00169430275342097	0.0215842650114624	0.00169415567805498	0.0166128589400629	0.0021228175900383	0.0238435169145388	0.00406232656732564	0.0225630768618513
tck	100	3	512	NL	0.05	0	1	0.00100860894986521	0.00115442595681725	0.000973420341746856	0.00127839406164587	0.000865398911882975	0.00152196475969157	0.000887948622581791	0.00276557871677674	0.00208409059003967	0.00526191910864626	0.00314200808873921	0.008856185751977	0.0032373093507031	0.00955162900519313
tck	100	3	512	NL	0.05	0	1	0.0231603998169386	0.0214481909604001	0.013564741135654	0.0219948599889286	0.023406831399107	0.0264734985990063	0.0580481174674451	0.0289773733399002	0.0621859343599837	0.0269492647571407	0.0589033314249097	0.0310850182079202	0.0494083422782919	0.0356484690873318
tck	100	3	512	NL	0.05	0	1	0.0121102273036335	0.00518967832077477	0.0126100558282475	0.00544589283505315	0.0142918790103396	0.00528209933266122	0.0200874721961295	0.00385590009437975	0.0184632737499549	0.00313760793207696	0.0305198216257936	0.00594725454299427	0.0448007970976743	0.00613324541520255
tck	100	3	512	NL	0.05	0	1	0.0384726477889077	0.0044537062330634	0.0405020504126059	0.00451720098322672	0.0423594372764546	0.0047164649875957	0.0534335685157789	0.00384078969692991	0.0491087516445575	0.00423298766257507	0.0436451653532702	0.0044498485404163	0.045920822441234	0.00690570736852947
tck	100	3	512	NL	0.05	0	1	0.00926859537024149	0.000180914095512019	0.00957769294006594	0.000180858422676566	0.00954530252357588	0.000152243017907727	0.00851312968300832	0.000142043120611168	0.00777315876034068	0.000171846703386547	0.00278683181628003	0.000495035559358148	0.00329421395149065	0.00067431550782493
tck	100	3	512	NL	0.05	0	1	0.0078047209425155	0.0138717689156658	0.00760882551931064	0.0143762934032501	0.00903900298055971	0.0144460095723453	0.00772381576125114	0.0167689431174001	0.00605782805873956	0.0172754182461061	0.005645227222706	0.0242576925930807	0.0048932962050352	0.0334409640713251
tck	100	3	512	NL	0.05	0	1	0.000581468847826949	0.0115867183197214	0.000586101472030864	0.01047934549094	0.000554594876241432	0.0126292705319857	0.000646260786306141	0.0203597404329406	0.00107262024593102	0.0319232145106164	0.00158384405630163	0.0314247349101192	0.00173579929617662	0.0271002123040514
tck	100	3	512	NL	0.05	0	1	0.00516861440085903	0.00455139429911688	0.00514106117886481	0.00449402694927992	0.00586535750195427	0.00444266252506542	0.00868474519908036	0.00585790770534267	0.00978498413822226	0.00444513407198821	0.0101866339522659	0.00494723454619828	0.0161543182049664	0.00444219987059125
tck	100	3	512	NL	0.05	0	1	0.00928966388629471	2.93114516033421e-05	0.00984392198351269	2.87088124546475e-05	0.00941738344030785	2.90437039546232e-05	0.015064533225535	2.57296928822814e-05	0.00575585956755431	6.51701610414612e-05	0.00642938860007269	0.000112079509881013	0.00554813073253746	0.000142736790231135
tck	100	3	512	NL	0.05	0	1	0.00129674450352479	0.00062756727640112	0.00127694477415186	0.00071619602676698	0.001282582446684	0.000728078007282029	0.00178133928312707	0.000865270506165583	0.00470866141718229	0.001618554019024	0.0142735416375426	0.00154729725888125	0.019352165802778	0.00124671601979864
tck	100	3	512	NL	0.05	0	1	0.0171176081276385	0.000204613423749223	0.0164438447332351	0.000183418442382344	0.0189565159290681	0.000161895474542151	0.0181351876320235	9.3573883602982e-05	0.021002651089378	8.36950627032262e-05	0.0275695501744971	6.79250784714203e-05	0.032214521665507	5.42714369945463e-05
tck	100	3	512	NL	0.05	0	1	0.00199830606320428	0.0109370633418084	0.00183117415026401	0.0104971929858737	0.00217834641286041	0.0106571172954485	0.00238216215388765	0.0119691155238602	0.002713417183418	0.0124377787499566	0.00327454770858948	0.017167699164059	0.00677195054036406	0.0272776997484363
tck	100	3	512	NL	0.05	0	1	0.021069612506791	0.00606551442383263	0.0219174158882443	0.00618274730320956	0.023196424948466	0.00674026771074843	0.0314243005391019	0.00591526834964318	0.0383916140209626	0.00225943816038954	0.0365325519003075	0.00112785935011628	0.0385683374241346	0.00110945478114588
tck	100	3	512	NL	0.05	0	1	0.00648332564840426	1.86760334781599e-05	0.00735382293581122	1.90018201292608e-05	0.00501244323125283	1.60217149407504e-05	0.00746865241102523	1.81875286130451e-05	0.0258999877768389	2.74609729160602e-05	0.01797372183015	4.43469784260353e-05	0.0130699949740857	4.37062751434958e-05
tck	100	3	512	NL	0.05	0	1	0.0168286441891941	0.000169011875612468	0.0169575199099399	0.000165774008408337	0.0155350577835909	0.000142450911605363	0.0179279564889905	7.55327815836759e-05	0.0169047507122773	0.000141054799582374	0.0219893604856435	0.00023529445020698	0.0218197926789916	0.000378430337147462
tck	100	3	512	NL	0.05	0	1	0.0304428300435629	4.92419495734531e-06	0.0296985935730741	5.76178968014762e-06	0.0288645275584418	5.31761951660936e-06	0.0425297638043087	1.20894795129223e-05	0.0435663130080536	2.4161088785335e-05	0.0429085198236332	4.20168696106948e-05	0.0445986079778249	6.09416305752397e-05
tck	100	3	512	NL	0.05	0	1	0.00585462946337556	0.0250775607147864	0.00587574640151223	0.0250775607147864	0.0052791777917407	0.0246331933310164	0.00505359806166372	0.0190299250043722	0.00907974277398238	0.0175823411393506	0.0121920876484113	0.0179167538465346	0.0109070899886288	0.0274602239709375
tck	100	3	512	NL	0.05	0	1	0.00649500007973258	1.30553437516223e-05	0.00618280011728012	1.33941645124036e-05	0.00660880741755987	1.19351031733217e-05	0.00705558217999425	1.06352796316322e-05	0.0157893053691684	2.42402134298381e-05	0.022180095519838	3.62532227924373e-05	0.0272880644945223	3.86912360736957e-05
tck	100	3	512	NL	0.05	0	1	0.00184565168386741	7.02170217681264e-06	0.00182202783848784	7.02170217681264e-06	0.00184527447477911	6.72247512434332e-06	0.00202321688979534	5.02779227185002e-06	0.00313220076097553	2.25969755418554e-06	0.00350607334238007	1.03815124685713e-06	0.00417112002621522	7.18855089565373e-07
tck	100	3	512	NL	0.05	0	1	0.00467758807501717	0.000619049410880979	0.00462734648783136	0.000576476306146434	0.00506642906175214	0.000577818076803682	0.00676877669363374	0.0005027339060375	0.010800167588732	0.00152219139737197	0.0196951699666582	0.00519892117348431	0.0186255957424962	0.00680319015388364
tck	100	3	512	NL	0.05	0	1	0.000266735802393891	0.000389404157855489	0.000270393177329797	0.000353229978863778	0.00028525237657917	0.000428841493541054	0.00019231643283435	0.000519293751001459	0.000301590551133879	0.000803519224690907	0.000282984947829967	0.00108905710051443	0.000652439940721505	0.00120347784059338
tck	100	3	512	NL	0.05	0	1	0.00804733325957507	0.00142316381068508	0.00859195761524401	0.00147262960648464	0.00922824585172399	0.00141282070918947	0.00701657188091132	0.00206560935925326	0.00784561373544068	0.00569329570582278	0.00678840440359563	0.00912339407364826	0.00569872912940883	0.00713848244227178
tck	100	3	512	NL	0.05	0	1	0.00117691178823087	0.000278003046494502	0.0012903567756456	0.000268768393391072	0.00147497184436274	0.000294303563581289	0.00138319244303764	0.000241534582354652	0.00113254287059528	0.000296641252228502	0.000968625380930899	0.000285241216532173	0.00098175658560784	0.000346372348650981
tck	100	3	512	NL	0.05	0	1	0.000156599999960427	0.00018733014550143	0.000151175386140512	0.000179268541062427	0.000165994325219909	0.00013829356731121	0.000204665631035827	0.000151345779474843	0.000176241698461421	0.000160150523828895	0.000163994387043509	0.000166074469547084	0.00011250028033416	9.37340037390211e-05
tck	100	3	512	NL	0.05	0	1	0.0270949965343055	0.000986534788890547	0.027999881850323	0.00108830582020869	0.0298880068613192	0.00135069550953648	0.0295261180788319	0.00556518331887468	0.033877351655509	0.0148544773108114	0.0251754696926185	0.0333419478383622	0.0169196606135787	0.0429724726640088
tck	100	3	512	NL	0.05	0	1	0.0199122915824488	0.0118118928260236	0.0196987709179895	0.0118338736253073	0.0216467111434278	0.0115089964845014	0.0181404619850002	0.0127544217583208	0.0232400694481077	0.0153892949226325	0.0193986439826718	0.0240597032423759	0.0182148728239517	0.0289856294414855
tck	100	3	512	NL	0.05	0	1	0.0193257212063734	0.000138817726125007	0.0186956036829471	0.000141278825117053	0.0201768723364455	0.000153159397144886	0.0206421714558382	0.000144686092736435	0.0252048068659217	9.71201963787527e-05	0.0239857463202848	8.19453050089347e-05	0.0213210832996628	6.92534715384108e-05
tck	100	3	512	NL	0.05	0	1	0.0120765600940065	0.00107006840962198	0.0119427670400604	0.00102728166676247	0.0118025913974614	0.00103406123952743	0.00822469166926409	0.000809769716838327	0.012342363221751	0.000454796194292784	0.00979759346536724	0.00035287980257237	0.00879193172823634	0.000357911370154729
tck	100	3	512	NL	0.05	0	1	0.00375737004848342	0.000259428043073773	0.00378806955434952	0.000225289360051395	0.00455315161565051	0.000182403988993052	0.0056208650811268	0.000112185746660276	0.00650752538428612	0.000103570115179252	0.00663651162153278	8.56518203784518e-05	0.00661127132647066	8.41409037231067e-05
tck	100	3	512	NL	0.05	0	1	0.00640777794119063	0.0112355140425505	0.00641937376724444	0.0116723225947039	0.00545669079114053	0.0132630837626921	0.00467454213466856	0.0152865863712158	0.0034115031385753	0.0243803504612103	0.00286196465922095	0.022804824585317	0.00313671591263098	0.0236524168293859
tck	100	3	512	NL	0.05	0	1	0.00681474668460291	3.98528741417659e-05	0.00661612510128395	3.92835222757792e-05	0.00721096882673888	3.52317482074094e-05	0.00870767989995502	2.7177359979369e-05	0.0106781942425054	2.19958894953631e-05	0.0147783656660142	1.0553343605002e-05	0.0134362696774679	9.51241947610981e-06
tck	100	3	512	NL	0.05	0	1	0.0187457796139389	0.00266589258861527	0.0190368339891814	0.00285461239525087	0.0215743885646631	0.00234720222495399	0.026357349993994	0.00309299682035558	0.0328298836993168	0.00760115024085062	0.0277135851488201	0.0104348419628336	0.0250852974815751	0.0111200423392561
tck	100	3	512	NL	0.05	0	1	0.00754333438218746	0.000186037810598783	0.00735445076441144	0.000201510634578517	0.00653255769228078	0.000194970469626576	0.00575894652161879	0.000203015554676611	0.00655560103534836	0.000354416320741735	0.00813015481248791	0.000570923392864353	0.00806683193095425	0.00149476887594457
tck	100	3	512	NL	0.05	0	1	0.010094938351341	0.000281254041056278	0.0104039224110326	0.000299562865863079	0.00929970852310624	0.000296776770250307	0.0112671287555006	0.000238697696299361	0.0181181060241139	0.000575767692295948	0.0166981286078034	0.000503844128564301	0.0202028502315681	0.000940725641473961
tck	100	3	512	NL	0.05	0	1	0.0106126426930233	0.000100460808180158	0.0113318726719946	0.000101454841890503	0.010132653950683	9.37509775192913e-05	0.00909771222005418	0.000108944555711976	0.0106233709296165	8.143326591592e-05	0.00813267611065482	2.27685795771704e-05	0.00830703965992596	2.21515885255874e-05
tck	100	3	512	NL	0.05	0	1	0.0107330012073454	0.0109240582003975	0.0108802790026478	0.0107486996060123	0.0121960788887188	0.00932164221054443	0.0116600929279641	0.00491786444202624	0.0216396248587223	0.00458345230017809	0.0458079695909114	0.00841471244107583	0.0432611849938402	0.0124737341438773
tck	100	3	512	NL	0.05	0	1	0.00123451073386449	3.59589700829055e-05	0.00118891755196249	3.60836311767976e-05	0.00161083541897344	3.5906448401346e-05	0.00155383088430705	4.49695993240962e-05	0.00319284936027886	1.00364177672008e-05	0.00383196373199202	4.38652180545507e-06	0.00357574177948239	2.76542117305656e-06
tck	100	3	512	NL	0.05	0	1	0.0292469554562835	0.00196397681677796	0.0346098389369882	0.00198954057054346	0.0386221326162346	0.00241688733175527	0.0348581849991183	0.00202407154562578	0.0428801209423645	0.00272622388865329	0.0446815780694639	0.00436587070317918	0.0344646555798871	0.00424259266529015
tck	100	3	512	NL	0.05	0	1	0.0239165124434971	0.00938091145664721	0.023667471967712	0.00849772423859618	0.0227109016755431	0.00915573251719681	0.024405638864363	0.00938694436147958	0.0414111977035942	0.00669130046355559	0.0363601506835132	0.00696835084058822	0.0361730009535773	0.00715390503232294
tck	100	3	512	NL	0.05	0	1	0.00182357744946615	0.000439594146332545	0.00195708251438742	0.000448947859903015	0.00218197360199712	0.000531059415334489	0.00215809261036948	0.000387320880242847	0.0015700541102337	0.000293222955666583	0.00129505495112348	0.000200944979279916	0.00208943668578543	0.000151783907392788
tck	100	3	512	NL	0.05	0	1	0.00822614535576172	3.74060235897034e-07	0.00819568898836986	3.30854170060846e-07	0.00945416001057942	1.69133880456585e-07	0.0142444202319967	1.41069722570109e-07	0.0121735400153979	4.33813290845464e-08	0.0106099717041658	7.21980761841934e-08	0.00907969569207512	7.23238605671028e-08
tck	100	3	512	NL	0.05	0	1	0.00545702467446729	0.000339086181288528	0.00536608083924339	0.000341196061990012	0.00522954783301977	0.000290161261917055	0.00529407287744599	0.0002120059206423	0.00671664332488753	0.000185987796686993	0.00786768195327603	0.000110672045363969	0.00704847363464389	0.000101724106508883
tck	100	3	512	NL	0.05	0	1	0.0264095509585632	2.15890020083265e-07	0.0251072434320719	2.53014268647433e-07	0.0252286046125236	1.81041217683919e-07	0.0254788893310827	1.02387521683234e-07	0.0416696450689612	2.35526188552271e-08	0.0592059676313256	9.49778111714039e-09	0.0556946063921206	8.34072033661926e-09
tck	100	3	512	NL	0.05	0	1	0.000651269496817597	0.000259260473433054	0.000707382550762081	0.000258181145979197	0.000682136567260683	0.000267247453239916	0.000718939094212612	0.000385516750167736	0.00072276477588562	0.000675324692443469	0.000533796932493225	0.00120412325682018	0.000684634804178685	0.00198513412257539
tck	100	3	512	NL	0.05	0	1	0.00588218440839861	0.000228613886134377	0.0058198305503474	0.000251230948383196	0.00638284237301467	0.000279429077907789	0.0083751026901121	0.000624471824669848	0.00626795599163454	0.00157141269685623	0.00838238466956454	0.00277678490837774	0.00941817070496809	0.00397616816243507
tck	100	3	512	NL	0.05	0	1	0.00368964955697271	0.000530329994457124	0.00387369734891008	0.000534541454347059	0.00397516636837147	0.000679879491455537	0.00399947020815972	0.000505454216224055	0.00568261342870358	0.000379982083120955	0.00715242664038918	0.00040041254342682	0.00714516167845136	0.000401660494914413
tck	100	3	512	NL	0.05	0	1	0.00214554019391155	0.000961215396071191	0.00221686658077358	0.00099350867148007	0.00196309222426583	0.00113191484103758	0.0016663491172989	0.00115905913625736	0.00201453137985597	0.000951952299979242	0.00203312281566936	0.00096323452332614	0.00217506203383078	0.00123733013350591
tck	100	3	512	NL	0.05	0	1	0.0102486186742812	0.00160662128749312	0.011316228894636	0.00167675521084132	0.0113347174880597	0.00148042151368899	0.0140648852711726	0.00153728020360022	0.0167148857264556	0.00147125614445176	0.0256475202127944	0.00268337238120275	0.0247060258909834	0.00437273315340447
tck	100	3	512	NL	0.05	0	1	0.0251035734363114	0.00115648220531883	0.0225808019518239	0.00114269844643888	0.0210785466449436	0.000976230651247301	0.0166837908750197	0.000782863981758974	0.014619034622567	0.000557435639422232	0.0242266953778694	0.000462522614997463	0.029365114665763	0.000258258362317521
